Unable to register with master node [http://localhost:11311]: master may not be running yet. Will keep trying.
[-0.44368852  0.35091022 -0.5       ] [ 0.38735877  0.5        -0.46520889]
[-0. -0.  0.] [-0.  0.  0.]
[-0.33735294  0.47879662 -0.5       ] [ 0.5        -0.00485711 -0.46978433]
[ 0. -0. -0.] [-0.  0. -0.]
[0.5        0.33590112 0.18671308] [ 0.13516531  0.47036031 -0.5       ]
[ 0. -0. -0.] [-0.  0.  0.]
[-0.2201084  -0.5        -0.12415371] [-0.5         0.12253478 -0.12986498]
[-0. -0. -0.] [-0. -0.  0.]
[ 0.09780275 -0.5         0.11771017] [ 0.0798863  -0.30101965 -0.5       ]
[ 0. -0. -0.] [0. 0. 0.]
[-0.35298236 -0.45265918  0.5       ] [ 0.35936102  0.5        -0.29911943]
[ 0.  0. -0.] [-0.  0. -0.]
[ 0.43755959  0.5        -0.2833261 ] [ 0.20312071 -0.5         0.0222013 ]
[-0. -0.  0.] [ 0. -0. -0.]
[-0.43214929 -0.16805075  0.5       ] [-0.5        -0.44909161  0.38090405]
[ 0. -0. -0.] [-0.  0. -0.]
[-0.18097944 -0.5        -0.14616552] [-0.5         0.25195639  0.49891363]
[ 0.  0. -0.] [-0.  0.  0.]
[-0.5        -0.4746282   0.24579984] [ 0.31139274  0.23677797 -0.5       ]
[-0. -0.  0.] [ 0. -0.  0.]
success rate 0.6
mean success time 14.090241074562073
std success time 1.321707378200464
[1.5        0.03672768 0.98008668] [-1.3130149  -1.38745643 -1.5       ]
[ 0.  0. -0.] [ 0. -0. -0.]
[-1.5        -0.52956797 -0.50001362] [-1.30928326  0.61723982  1.5       ]
[0. 0. 0.] [ 0.  0. -0.]
[ 0.72516305 -0.30222265  1.5       ] [ 0.40607487 -0.61450194 -1.5       ]
[-0. -0.  0.] [ 0.  0. -0.]
[ 1.37601332 -0.7863874   1.5       ] [-1.5        -0.88695114 -0.93097586]
[-0. -0.  0.] [-0. -0.  0.]
[ 0.97781108 -1.5         0.50752237] [ 0.83506353 -1.09620074 -1.5       ]
[-0. -0. -0.] [-0. -0. -0.]
[ 0.28785696 -1.5         1.12919149] [-0.71877776  1.00149611  1.5       ]
[ 0. -0. -0.] [ 0. -0.  0.]
[ 0.30074472  1.5        -0.4135542 ] [-1.5        -0.98406452  0.10148735]
[-0.  0. -0.] [-0. -0.  0.]
[ 1.31978139 -0.91594373  1.5       ] [ 1.5        -1.25775574 -1.12424518]
[-0. -0.  0.] [-0. -0.  0.]
[-1.5        -0.16948535  0.21664858] [ 0.28902549 -0.51426117 -1.5       ]
[-0.  0.  0.] [ 0. -0.  0.]
[ 1.4841514  -1.5        -0.39357415] [-1.01437475  1.5         0.23985686]
[ 0.  0. -0.] [-0. -0.  0.]
success rate 0.0
mean success time nan
std success time nan
[-0.14375155  0.25173347  0.5       ] [ 0.24971875  0.5        -0.30958838]
[ 0.73502548 -0.5922969  -1.        ] [ 0.20975045 -1.         -0.12047136]
[ 0.16032939  0.5        -0.27895133] [-0.20247122  0.5        -0.12776492]
[ 1.         -0.68462672 -0.44460698] [1.         0.79800929 0.05207159]
[ 0.47114807 -0.45278461 -0.5       ] [-0.3247575  -0.5         0.12983408]
[-0.11117186  0.09164199  1.        ] [-0.64930024 -1.         -0.33365536]
[-0.04329088  0.32168953 -0.5       ] [ 0.01899339 -0.5        -0.27676895]
[-1.          0.27661024  0.59270634] [-0.49814757  1.          0.83434153]
[ 0.37318872 -0.21683381  0.5       ] [-0.5        -0.1938312  -0.35559821]
[0.93856188 1.         0.39345343] [-0.24829961 -0.21151612  1.        ]
[0.30230032 0.5        0.1305805 ] [-0.27473549  0.26510292  0.5       ]
[ 1.          0.9858674  -0.56185247] [ 0.74356857 -1.         -0.11521663]
[-0.5        -0.30487106  0.47352215] [-0.3334466  -0.5        -0.33117738]
[ 0.61132517  0.08716135 -1.        ] [-1.         -0.23159705  0.51669593]
[0.5        0.34675299 0.00076305] [-0.02580002 -0.43715047 -0.5       ]
[-0.68764489 -0.46836707  1.        ] [-1.          0.89958542 -0.15827525]
[-0.04004387 -0.5        -0.13259972] [-0.5         0.06689223  0.10267049]
[0.5866842  1.         0.48632689] [ 0.06931473 -0.18418959  1.        ]
[-0.10430441 -0.5         0.49429771] [0.3007394  0.34490276 0.5       ]
[1.         0.42066016 0.37613043] [ 0.99437558 -1.         -0.10758074]
success rate 0.4
mean success time 14.367474138736725
std success time 1.0403236479471611
